GP	W	L	WIN%	MIN	PTS	FGM	FGA	FG%	3PM	3PA	3P%	FTM	FTA	FT%	OREB	DREB	REB	AST	TOV	STL	BLK	BLKA	PF	PFD	+/-	label
82	62	20	.756	48.2	110.4	40.9	85.6	47.7	9.7	24.7	39.3	19.0	25.4	74.8	11.8	32.3	44.1	23.5	13.7	7.0	5.5	4.2	19.1	0.0	7.1	30
82	59	23	.720	48.7	101.5	37.8	77.7	48.6	5.8	15.4	37.7	20.2	30.1	67.2	10.8	32.2	43.0	21.8	13.7	6.4	5.8	3.2	22.1	0.0	6.5	30
82	59	23	.720	48.3	96.2	35.6	78.7	45.3	6.2	17.0	36.3	18.7	25.9	72.4	12.0	30.4	42.4	21.6	13.7	7.5	6.6	5.1	20.9	0.0	7.8	100
82	58	24	.707	48.1	102.5	37.3	81.6	45.7	5.6	15.5	36.4	22.3	28.2	78.9	12.1	30.9	42.9	19.6	13.4	8.6	5.6	4.9	22.3	0.0	5.7	20
82	54	28	.659	48.7	93.3	34.8	78.3	44.4	4.4	12.8	34.5	19.4	26.2	73.9	12.9	30.6	43.4	21.8	13.8	7.0	6.1	4.5	20.0	0.0	3.9	40
82	52	30	.634	48.2	98.9	35.1	79.2	44.4	8.1	22.2	36.5	20.5	26.0	79.0	12.7	28.2	40.9	18.1	13.6	6.7	4.1	4.8	23.7	0.1	2.3	20
82	51	31	.622	48.4	95.1	34.7	78.3	44.3	6.7	18.5	36.4	18.9	24.2	78.1	10.7	31.7	42.4	21.1	13.8	6.9	4.6	4.1	22.0	0.0	4.0	10
82	50	32	.610	48.4	103.7	39.1	85.1	45.9	6.4	17.0	37.4	19.2	24.4	78.7	12.5	29.9	42.4	24.5	13.1	8.2	3.9	4.5	20.5	0.0	2.2	10
82	49	33	.598	48.2	99.5	37.0	80.7	45.9	3.9	11.5	34.0	21.5	28.2	76.3	11.8	30.2	42.0	23.9	14.9	9.1	6.0	5.6	22.9	0.1	2.0	10
82	47	35	.573	48.4	94.5	34.7	80.4	43.2	6.2	17.5	35.7	18.7	25.0	75.0	12.2	31.6	43.8	21.3	16.7	7.0	4.5	5.3	24.7	0.1	1.1	10
82	45	37	.549	48.5	101.3	37.1	79.4	46.8	5.3	15.3	34.9	21.6	28.3	76.4	11.1	29.7	40.8	22.1	15.8	8.1	5.2	4.9	24.4	0.0	0.9	10
82	45	37	.549	48.1	93.4	34.2	76.5	44.7	6.5	18.1	35.7	18.6	24.7	75.4	10.8	28.1	39.0	20.9	14.6	8.5	5.8	5.8	23.3	0.0	2.3	10
82	45	37	.549	48.2	100.5	36.2	82.9	43.7	6.3	18.3	34.3	21.9	30.2	72.5	13.8	29.0	42.8	19.1	14.3	8.7	4.2	5.0	22.0	0.0	-0.3	20
82	44	38	.537	48.5	93.0	32.5	75.2	43.2	6.6	19.2	34.4	21.3	26.9	79.2	10.6	29.5	40.1	18.2	14.3	7.5	4.4	4.9	23.0	0.1	0.8	20
82	44	38	.537	48.2	96.8	37.1	80.8	45.9	4.8	14.0	34.5	17.7	22.2	79.6	11.5	31.5	43.0	23.4	13.2	5.6	5.5	3.9	21.6	0.0	1.5	10
82	43	39	.524	48.4	99.1	35.9	82.1	43.7	6.2	17.7	34.8	21.1	26.8	78.9	11.1	30.9	42.0	20.9	15.5	9.2	3.9	4.7	22.9	0.0	-0.7	10
82	65	17	.793	48.2	112.4	38.7	84.2	46.0	15.3	42.3	36.2	19.6	25.1	78.1	9.0	34.5	43.5	21.5	13.8	8.5	4.8	4.4	19.5	20.4	8.5	30
82	59	23	.720	48.4	111.7	41.3	87.4	47.2	11.8	33.0	35.8	17.3	21.8	79.4	9.8	34.2	44.0	24.3	13.4	7.6	6.1	4.9	21.7	19.9	7.8	20
82	58	24	.707	48.1	113.5	42.8	85.1	50.3	11.3	28.9	39.1	16.6	20.3	81.5	8.4	35.1	43.5	29.3	15.4	8.0	7.5	3.7	19.6	18.5	6.0	100
82	55	27	.671	48.3	104.0	38.3	85.1	45.0	11.5	30.4	37.7	16.0	20.7	77.1	9.4	35.1	44.5	22.5	14.0	7.4	4.5	4.4	19.7	19.2	3.6	30
82	52	30	.634	48.2	109.8	40.8	86.6	47.2	11.0	29.8	36.9	17.1	22.8	75.2	10.9	36.5	47.4	27.1	16.5	8.3	5.1	5.1	22.1	20.4	4.5	20
82	50	32	.610	48.1	110.9	40.4	84.8	47.6	12.0	32.1	37.2	18.1	23.3	77.9	8.5	33.7	42.1	23.4	13.7	7.1	3.8	4.1	18.6	20.7	0.9	40
82	49	33	.598	48.2	105.6	39.3	87.0	45.2	10.3	28.1	36.6	16.7	20.9	80.0	10.2	35.3	45.5	19.5	13.5	7.0	5.2	5.1	19.5	19.1	2.6	10
82	48	34	.585	48.2	105.6	40.8	86.4	47.2	9.0	24.5	36.9	14.9	19.2	77.9	9.6	32.7	42.3	22.2	13.3	8.8	4.1	5.2	18.8	18.5	1.4	10
82	48	34	.585	48.7	111.7	42.7	88.3	48.3	10.2	28.2	36.2	16.1	20.9	77.2	8.7	35.6	44.3	26.8	14.9	8.0	5.9	4.2	19.1	20.4	1.3	20
82	48	34	.585	48.4	107.9	39.9	88.1	45.3	10.7	30.4	35.4	17.3	24.2	71.6	12.5	32.6	45.1	21.3	14.0	9.1	5.0	4.6	20.2	21.3	3.4	10
82	48	34	.585	48.2	104.1	38.3	82.9	46.2	10.8	29.6	36.6	16.8	21.5	77.9	9.0	34.2	43.3	22.4	14.7	8.6	5.1	4.6	19.6	20.5	4.3	20
82	47	35	.573	48.3	109.5	41.0	86.1	47.6	8.0	22.5	35.7	19.4	24.1	80.4	10.3	31.6	42.0	22.7	12.5	8.4	4.2	4.7	18.2	20.9	2.2	10
82	47	35	.573	48.1	102.7	39.0	85.4	45.7	8.5	24.1	35.2	16.1	20.9	77.2	10.4	33.9	44.2	22.8	13.1	7.7	5.6	3.9	17.2	19.7	2.9	10
82	46	36	.561	48.5	110.0	40.7	86.6	47.0	11.5	30.9	37.1	17.1	22.3	76.7	11.0	33.5	44.5	25.1	15.0	7.6	4.9	4.8	18.7	20.7	1.5	10
82	44	38	.537	48.6	103.4	38.8	85.3	45.5	11.0	30.6	36.0	14.7	19.5	75.5	9.3	34.2	43.5	22.7	14.4	7.6	5.3	4.6	20.1	19.4	0.5	10
82	44	38	.537	48.4	106.5	39.7	83.0	47.8	8.8	24.7	35.5	18.3	23.4	78.3	8.4	31.5	39.8	23.2	13.8	8.8	5.4	4.5	21.4	19.9	-0.3	10
82	67	15	.817	48.2	115.9	43.1	87.1	49.5	12.0	31.2	38.3	17.8	22.6	78.8	9.4	35.0	44.4	30.4	14.8	9.6	6.8	3.8	19.3	19.4	11.6	100
82	61	21	.744	48.3	105.3	39.3	83.7	46.9	9.2	23.5	39.1	17.6	22.0	79.7	10.0	33.9	43.9	23.8	13.4	8.0	5.9	4.1	18.3	19.8	7.2	30
82	55	27	.671	48.2	115.3	40.3	87.2	46.2	14.4	40.3	35.7	20.3	26.5	76.6	10.9	33.5	44.4	25.2	15.1	8.2	4.3	5.0	19.9	20.4	5.8	20
82	53	29	.646	48.2	108.0	38.6	85.1	45.4	12.0	33.4	35.9	18.7	23.2	80.7	9.1	32.9	42.0	25.2	13.3	7.5	4.1	5.2	20.6	20.3	2.6	30
82	51	31	.622	48.5	110.3	39.9	84.9	47.0	13.0	33.9	38.4	17.5	23.3	74.8	9.3	34.4	43.7	22.7	13.7	6.6	4.0	4.3	18.1	20.6	3.2	40
82	51	31	.622	48.2	108.7	39.5	83.2	47.5	10.3	27.4	37.5	19.3	26.0	74.5	9.0	34.0	43.0	22.5	13.0	7.5	4.2	3.1	19.8	22.4	4.3	10
82	51	31	.622	48.2	106.9	39.2	84.4	46.4	8.8	24.3	36.3	19.7	24.7	79.6	10.6	32.6	43.3	18.5	12.7	8.3	4.9	4.8	20.8	20.3	4.2	20
82	51	31	.622	48.2	100.7	37.0	79.5	46.6	9.6	26.0	37.2	17.1	22.9	74.7	9.4	33.8	43.2	20.1	13.6	6.7	5.0	3.8	18.8	20.2	3.9	20
82	49	33	.598	48.4	109.2	41.3	87.0	47.5	9.2	24.8	37.2	17.3	22.1	78.4	10.3	32.6	42.9	23.9	14.2	8.5	4.1	4.6	21.3	19.8	1.8	20
82	47	35	.573	48.3	106.6	39.5	87.4	45.2	8.4	25.8	32.7	19.2	25.8	74.5	12.2	34.4	46.6	21.0	15.0	7.9	5.0	5.5	20.9	20.7	0.8	10
82	43	39	.524	48.5	103.2	38.1	84.4	45.1	8.9	26.1	34.1	18.1	24.9	72.8	10.3	34.1	44.3	23.6	15.8	8.2	4.8	5.2	18.2	21.6	-0.9	10
82	43	39	.524	48.5	100.5	36.4	83.6	43.5	9.4	26.5	35.4	18.3	23.4	78.4	10.8	32.0	42.8	21.3	12.9	8.0	4.2	5.0	22.4	20.8	0.5	10
82	42	40	.512	48.4	105.1	39.3	84.5	46.5	8.6	23.0	37.6	17.9	22.1	81.0	9.0	33.0	42.0	22.5	13.8	8.2	5.0	5.0	19.5	19.5	-0.2	10
82	42	40	.512	48.2	103.6	38.8	81.9	47.4	8.8	23.7	37.0	17.2	22.4	76.8	8.8	31.6	40.4	24.2	14.0	8.1	5.3	4.6	20.2	19.3	-0.2	10
82	41	41	.500	48.2	102.9	38.6	87.1	44.4	7.6	22.3	34.0	18.0	22.5	79.8	12.2	34.1	46.3	22.6	13.6	7.8	4.8	4.6	17.7	18.8	0.4	10
82	41	41	.500	48.2	103.2	39.0	85.8	45.5	9.9	27.0	36.5	15.2	21.6	70.6	10.6	33.0	43.6	21.2	13.4	7.2	5.7	4.9	20.5	18.7	1.1	10
82	73	9	.890	48.5	114.9	42.5	87.3	48.7	13.1	31.6	41.6	16.7	21.8	76.3	10.0	36.2	46.2	28.9	15.2	8.4	6.1	4.1	20.7	19.8	10.8	40
82	67	15	.817	48.1	103.5	40.1	82.9	48.4	7.0	18.5	37.5	16.4	20.4	80.3	9.4	34.5	43.9	24.5	13.1	8.3	5.9	3.9	17.5	19.5	10.6	20
82	57	25	.695	48.4	104.3	38.7	84.0	46.0	10.7	29.6	36.2	16.3	21.7	74.8	10.6	33.9	44.5	22.7	13.6	6.7	3.9	4.4	20.3	20.6	6.0	100
82	56	26	.683	48.2	102.7	36.7	81.3	45.1	8.6	23.4	37.0	20.8	26.7	77.7	10.2	33.2	43.4	18.7	13.1	7.8	5.5	5.4	19.6	22.0	4.5	30
82	55	27	.671	48.4	110.2	41.1	86.4	47.6	8.3	23.7	34.9	19.7	25.2	78.2	13.1	35.6	48.6	23.0	15.9	7.4	5.9	4.5	20.6	20.2	7.3	30
82	53	29	.646	48.4	104.5	38.3	82.4	46.5	9.7	26.7	36.4	18.2	26.2	69.2	8.8	33.3	42.0	22.8	13.0	8.6	5.6	3.2	21.3	22.5	4.3	10
82	48	34	.585	48.4	102.8	38.6	84.4	45.8	9.9	28.4	35.0	15.6	20.0	78.3	8.3	33.8	42.1	25.6	15.0	9.1	5.9	5.0	19.1	18.3	3.6	20
82	48	34	.585	48.2	105.7	39.2	89.2	43.9	8.7	26.1	33.5	18.5	23.5	78.8	11.6	33.3	44.9	24.2	13.7	9.2	4.2	5.5	21.9	21.0	3.2	10
82	48	34	.585	48.4	103.4	37.0	84.4	43.9	10.6	29.4	36.2	18.7	23.7	79.0	9.0	35.0	43.9	21.7	12.5	7.3	5.3	5.5	18.1	20.4	2.7	10
82	48	34	.585	48.4	100.0	38.4	81.7	47.0	6.1	18.0	33.6	17.1	23.0	74.4	9.8	34.3	44.1	20.8	14.1	6.7	6.5	4.1	18.3	19.6	1.6	20
82	45	37	.549	48.5	102.2	38.3	85.2	45.0	8.1	23.0	35.1	17.4	22.8	76.4	10.3	33.9	44.2	21.2	14.9	9.0	4.8	4.5	20.0	20.4	1.7	10
82	44	38	.537	48.5	102.0	37.9	86.4	43.9	9.0	26.2	34.5	17.1	25.5	66.8	12.5	33.9	46.3	19.4	13.5	7.0	3.7	4.5	19.0	21.6	0.6	10
82	44	38	.537	48.3	105.1	38.6	85.9	45.0	10.5	28.5	37.0	17.4	23.0	75.4	11.6	33.9	45.5	21.3	14.6	6.9	4.6	5.2	21.7	19.5	0.8	20
82	42	40	.512	48.5	101.6	38.6	87.4	44.1	7.9	21.4	37.1	16.5	21.0	78.7	11.1	35.2	46.3	22.8	13.9	6.0	5.7	5.7	18.8	18.7	-1.5	10
82	42	40	.512	48.8	102.3	37.4	84.1	44.4	9.8	28.6	34.4	17.7	22.3	79.4	9.2	33.9	43.1	22.1	12.8	6.8	3.7	4.4	19.5	21.4	-0.3	10
82	42	40	.512	48.4	99.1	36.8	83.6	44.0	6.1	18.5	33.1	19.3	24.7	78.3	11.2	30.5	41.6	20.7	13.3	8.8	4.3	5.7	21.7	21.1	-2.2	10
82	67	15	.817	48.1	110.0	41.6	87.0	47.8	10.8	27.0	39.8	16.0	20.8	76.8	10.4	34.3	44.7	27.4	14.5	9.3	6.0	3.6	19.9	18.8	10.1	100
82	60	22	.732	48.1	102.5	38.1	81.7	46.6	10.0	26.2	38.0	16.5	21.2	77.8	8.7	31.8	40.6	25.7	14.2	9.1	4.6	4.9	17.8	19.6	5.4	30
82	56	26	.683	48.3	103.9	37.0	83.3	44.4	11.4	32.7	34.8	18.6	26.0	71.5	11.7	32.0	43.7	22.2	16.7	9.5	5.0	5.3	22.0	21.1	3.4	30
82	56	26	.683	48.1	106.7	39.4	83.3	47.3	10.1	26.9	37.6	17.9	25.2	71.0	9.6	33.1	42.6	24.8	12.3	7.8	5.0	3.0	21.3	21.5	6.6	20
82	55	27	.671	48.5	98.3	37.8	82.5	45.8	5.2	15.2	33.9	17.6	22.8	77.3	10.4	32.1	42.6	21.7	13.3	8.5	4.2	5.2	19.1	20.3	3.2	20
82	55	27	.671	48.7	103.2	39.1	83.6	46.8	8.3	22.5	36.7	16.7	21.4	78.0	9.8	33.8	43.6	24.4	14.0	8.0	5.4	4.4	19.1	19.7	6.2	10
82	53	29	.646	48.2	103.1	37.7	82.2	45.8	10.1	27.5	36.7	17.7	23.6	75.1	11.1	31.9	43.0	22.1	14.3	7.4	4.1	4.5	18.4	20.5	4.5	40
82	51	31	.622	48.4	102.8	38.7	86.0	45.0	9.8	27.2	36.2	15.5	19.4	80.1	10.7	35.1	45.9	21.9	13.6	6.4	4.5	3.6	18.2	18.7	4.2	10
82	50	32	.610	48.5	100.8	36.6	82.9	44.2	7.9	22.3	35.3	19.7	25.2	78.3	11.7	34.0	45.7	21.7	14.0	6.3	5.8	5.4	18.2	21.2	3.0	20
82	50	32	.610	48.5	105.2	39.7	85.8	46.3	8.9	25.4	35.2	16.9	22.5	75.2	10.5	31.8	42.3	22.5	13.0	8.1	4.5	3.8	20.0	22.1	2.9	10
82	49	33	.598	48.4	104.0	37.9	83.3	45.5	8.9	25.1	35.2	19.3	24.6	78.7	10.7	30.8	41.5	20.7	12.9	7.5	4.4	5.0	20.9	20.3	3.1	10
82	46	36	.561	48.7	98.5	38.3	82.8	46.2	6.1	16.8	36.0	15.9	21.4	74.2	10.5	34.2	44.7	24.0	15.0	7.3	4.6	4.3	20.8	19.6	0.7	20
82	45	37	.549	48.2	99.4	37.9	82.9	45.7	7.1	19.3	37.0	16.4	21.8	75.1	11.5	32.0	43.5	22.0	13.3	6.7	6.2	5.8	18.7	18.7	0.8	10
82	45	37	.549	48.4	104.0	38.8	86.8	44.7	7.7	22.7	33.9	18.6	24.6	75.4	12.8	34.7	47.5	20.5	14.7	7.3	5.5	4.6	22.3	20.4	2.2	10
82	41	41	.500	48.6	97.8	37.6	82.0	45.9	6.6	18.3	36.3	16.0	21.1	75.7	10.7	31.4	42.1	23.6	16.7	9.6	4.9	4.8	22.1	20.1	0.4	10
82	40	42	.488	48.5	101.4	38.9	87.9	44.3	8.0	24.6	32.7	15.4	20.5	75.4	11.1	32.7	43.8	24.5	13.8	8.2	3.6	5.3	21.2	18.8	0.2	10
82	62	20	.756	48.2	105.4	40.6	83.5	48.6	8.5	21.4	39.7	15.7	20.0	78.5	9.3	34.0	43.3	25.2	14.4	7.4	5.1	4.6	18.2	19.3	7.7	100
82	59	23	.720	48.3	106.2	39.0	82.7	47.1	8.1	22.4	36.1	20.2	25.0	80.6	10.8	33.9	44.7	21.9	15.3	8.3	6.1	3.6	22.7	20.4	6.3	30
82	57	25	.695	48.2	107.9	39.1	82.5	47.4	8.5	24.0	35.2	21.2	29.1	73.0	10.5	32.5	43.0	24.6	13.9	8.6	4.8	3.5	21.5	23.4	7.0	20
82	56	26	.683	48.2	96.7	36.0	80.2	44.9	6.7	18.8	35.7	18.1	23.3	77.9	10.2	34.5	44.7	20.1	15.1	6.7	5.4	4.6	20.4	21.9	4.4	30
82	54	28	.659	48.4	107.7	38.0	80.5	47.2	9.5	26.6	35.8	22.1	31.1	71.2	11.2	34.1	45.3	21.4	16.1	7.6	5.6	5.6	20.4	24.3	4.6	10
82	54	28	.659	48.5	102.2	38.3	76.5	50.1	8.1	22.3	36.4	17.5	23.0	76.0	7.6	29.2	36.9	22.5	14.8	8.9	4.5	3.1	19.5	20.4	4.8	40
82	54	28	.659	48.4	106.7	39.1	87.0	45.0	9.4	25.3	37.2	19.1	23.5	81.5	12.5	34.0	46.4	23.2	13.7	5.5	4.7	3.7	19.2	20.7	4.0	20
82	51	31	.622	48.4	104.3	39.5	85.4	46.2	9.4	24.8	38.0	15.9	21.1	75.3	10.9	34.4	45.3	23.3	15.2	7.8	5.0	4.2	21.8	19.3	4.8	10
82	50	32	.610	48.3	96.1	38.1	82.0	46.4	4.9	14.0	35.3	15.1	20.3	74.1	11.6	30.8	42.4	21.9	13.7	7.7	4.6	5.0	19.1	18.9	1.6	10
82	49	33	.598	48.4	104.8	39.6	83.6	47.4	8.8	22.9	38.4	16.8	21.1	79.5	10.2	30.7	40.9	23.6	13.5	8.6	4.3	3.5	20.0	19.9	2.4	10
82	48	34	.585	48.6	93.7	34.7	80.2	43.2	6.2	17.8	34.8	18.1	23.3	77.9	11.4	32.7	44.1	22.7	14.9	7.2	5.2	6.0	19.1	20.9	1.9	10
82	48	34	.585	48.2	105.2	38.7	83.5	46.3	9.3	25.1	37.2	18.5	24.4	75.8	11.3	31.7	43.0	19.1	15.3	8.4	4.6	4.0	21.9	21.3	2.6	10
82	48	34	.585	48.7	101.3	36.5	81.9	44.5	8.7	23.4	37.2	19.6	25.1	78.2	11.4	31.1	42.5	21.2	14.1	7.0	4.2	4.3	23.0	22.1	3.2	10
82	44	38	.537	48.5	98.5	35.7	77.9	45.9	8.6	23.4	36.9	18.4	24.4	75.3	8.8	29.4	38.1	20.9	14.5	8.6	3.8	4.1	21.7	20.8	-1.0	20
82	44	38	.537	48.9	100.7	38.7	84.4	45.9	7.9	20.8	38.0	15.3	20.9	73.1	10.8	31.4	42.2	23.3	14.7	8.1	4.6	3.9	20.4	19.5	1.3	20
82	43	39	.524	48.5	96.9	36.3	82.1	44.2	6.3	17.9	35.1	18.0	24.4	73.7	9.5	33.2	42.7	21.7	12.3	6.1	5.1	5.1	18.2	20.9	-0.2	10